#************************************************************************************
#*                  Generated by cif2cell 1.2.10 2019-07-11 12:45                   *
#*  T. Bjorkman, Comp. Phys. Commun. 182, 1183-1186 (2011). Please cite generously. *
#*                                                                                  *
#*                Data obtained from ICSD. Reference number : 166118                *
#*                              Ni O   (Nickel oxide)                               *
#*        Konysheva, E. et al., Chemistry of Materials 21, 5307-5318 (2009)         *
#************************************************************************************

%BLOCK LATTICE_CART
ang    # angstrom units
   1.726023503015409   0.000000000000000   2.435991198062591
  -0.863011751507705   1.494780201140351   2.435991198062591
  -0.863011751507705  -1.494780201140351   2.435991198062591
%ENDBLOCK LATTICE_CART

%BLOCK POSITIONS_FRAC
Ni   0.000000000000000   0.000000000000000   0.000000000000000 
O    0.500000000000000   0.500000000000000   0.500000000000000 
%ENDBLOCK POSITIONS_FRAC

# Commented out pseudopotential block for easy editing
#%BLOCK SPECIES_POT
# Ni  Ni_00.usp
# O   O_00.usp
#%ENDBLOCK SPECIES_POT

%BLOCK SYMMETRY_OPS
# Symm. op. 1
  1.000000000000000   0.000000000000000   0.000000000000000 
  0.000000000000000   1.000000000000000   0.000000000000000 
  0.000000000000000   0.000000000000000   1.000000000000000 
  0.000000000000000   0.000000000000000   0.000000000000000 
# Symm. op. 2
  1.000000000000000   0.000000000000000   0.000000000000000 
  0.000000000000000  -1.000000000000000   0.000000000000000 
  0.000000000000000   0.000000000000000   1.000000000000000 
  0.000000000000000   0.000000000000000   0.000000000000000 
# Symm. op. 3
 -1.000000000000000  -0.000000000000000   0.000000000000000 
  0.000000000000000   1.000000000000000   0.000000000000000 
  0.000000000000000   0.000000000000000  -1.000000000000000 
  0.000000000000000   0.000000000000000   0.000000000000000 
# Symm. op. 4
 -1.000000000000000   0.000000000000000   0.000000000000000 
  0.000000000000000  -1.000000000000000   0.000000000000000 
  0.000000000000000   0.000000000000000  -1.000000000000000 
  0.000000000000000   0.000000000000000   0.000000000000000 
# Symm. op. 5
  0.500000000000000  -0.866025403784438   0.000000000000000 
 -0.866025403784439  -0.500000000000000   0.000000000000000 
  0.000000000000000   0.000000000000000  -1.000000000000000 
  0.000000000000000   0.000000000000000   0.000000000000000 
# Symm. op. 6
  0.500000000000000   0.866025403784439   0.000000000000000 
  0.866025403784439  -0.500000000000000   0.000000000000000 
  0.000000000000000   0.000000000000000  -1.000000000000000 
  0.000000000000000   0.000000000000000   0.000000000000000 
# Symm. op. 7
  0.500000000000000   0.866025403784438   0.000000000000000 
 -0.866025403784439   0.500000000000000   0.000000000000000 
  0.000000000000000   0.000000000000000  -1.000000000000000 
  0.000000000000000   0.000000000000000   0.000000000000000 
# Symm. op. 8
 -0.500000000000000   0.866025403784438   0.000000000000000 
 -0.866025403784439  -0.500000000000000   0.000000000000000 
  0.000000000000000   0.000000000000000   1.000000000000000 
  0.000000000000000   0.000000000000000   0.000000000000000 
# Symm. op. 9
 -0.500000000000000  -0.866025403784438   0.000000000000000 
  0.866025403784439  -0.500000000000000   0.000000000000000 
  0.000000000000000   0.000000000000000   1.000000000000000 
  0.000000000000000   0.000000000000000   0.000000000000000 
# Symm. op. 10
 -0.500000000000000  -0.866025403784439   0.000000000000000 
 -0.866025403784439   0.500000000000000   0.000000000000000 
  0.000000000000000   0.000000000000000   1.000000000000000 
  0.000000000000000   0.000000000000000   0.000000000000000 
# Symm. op. 11
  0.500000000000000  -0.866025403784438   0.000000000000000 
  0.866025403784439   0.500000000000000   0.000000000000000 
  0.000000000000000   0.000000000000000  -1.000000000000000 
  0.000000000000000   0.000000000000000   0.000000000000000 
# Symm. op. 12
 -0.500000000000000   0.866025403784438   0.000000000000000 
  0.866025403784439   0.500000000000000   0.000000000000000 
  0.000000000000000   0.000000000000000   1.000000000000000 
  0.000000000000000   0.000000000000000   0.000000000000000 
%ENDBLOCK SYMMETRY_OPS
