#************************************************************************************
#*                  Generated by cif2cell 1.2.10 2019-07-05 13:47                   *
#*  T. Bjorkman, Comp. Phys. Commun. 182, 1183-1186 (2011). Please cite generously. *
#*                                                                                  *
#*                Data obtained from ICSD. Reference number : 184251                *
#*                                  Co   (Cobalt)                                   *
#*                Morozkin, A.V., Intermetallics 25, 136-138 (2012)                 *
#************************************************************************************

%BLOCK LATTICE_CART
ang    # angstrom units
   2.182384017536785  -1.260000000000000   0.000000000000000
   0.000000000000000   2.520000000000000   0.000000000000000
   0.000000000000000   0.000000000000000   4.074000000000000
%ENDBLOCK LATTICE_CART

%BLOCK POSITIONS_FRAC
Co   0.333333333333333   0.666666666666667   0.250000000000000 
Co   0.666666666666667   0.333333333333333   0.750000000000000 
%ENDBLOCK POSITIONS_FRAC

kpoint_mp_spacing 0.014
# Commented out pseudopotential block for easy editing
#%BLOCK SPECIES_POT
# Co  Co_00.usp
#%ENDBLOCK SPECIES_POT

%BLOCK SYMMETRY_OPS
# Symm. op. 1
  1.000000000000000   0.000000000000000   0.000000000000000 
  0.000000000000000   1.000000000000000   0.000000000000000 
  0.000000000000000   0.000000000000000   1.000000000000000 
  0.000000000000000   0.000000000000000   0.000000000000000 
# Symm. op. 2
  1.000000000000000   0.000000000000000   0.000000000000000 
  0.000000000000000  -1.000000000000000   0.000000000000000 
  0.000000000000000   0.000000000000000   1.000000000000000 
  0.000000000000000   0.000000000000000   0.000000000000000 
# Symm. op. 3
 -1.000000000000000  -0.000000000000000   0.000000000000000 
  0.000000000000000   1.000000000000000   0.000000000000000 
  0.000000000000000   0.000000000000000  -1.000000000000000 
  0.000000000000000   0.000000000000000   0.000000000000000 
# Symm. op. 4
 -1.000000000000000   0.000000000000000   0.000000000000000 
  0.000000000000000  -1.000000000000000   0.000000000000000 
  0.000000000000000   0.000000000000000  -1.000000000000000 
  0.000000000000000   0.000000000000000   0.000000000000000 
# Symm. op. 5
  0.500000000000000   0.866025403784439   0.000000000000000 
  0.866025403784439  -0.500000000000000   0.000000000000000 
  0.000000000000000   0.000000000000000  -1.000000000000000 
  0.000000000000000   0.000000000000000   0.000000000000000 
# Symm. op. 6
  0.500000000000000  -0.866025403784438   0.000000000000000 
 -0.866025403784439  -0.500000000000000   0.000000000000000 
  0.000000000000000   0.000000000000000  -1.000000000000000 
  0.000000000000000   0.000000000000000   0.000000000000000 
# Symm. op. 7
 -0.500000000000000   0.866025403784438   0.000000000000000 
 -0.866025403784439  -0.500000000000000   0.000000000000000 
  0.000000000000000   0.000000000000000   1.000000000000000 
  0.000000000000000   0.000000000000000   0.000000000000000 
# Symm. op. 8
  0.500000000000000   0.866025403784438   0.000000000000000 
 -0.866025403784439   0.500000000000000   0.000000000000000 
  0.000000000000000   0.000000000000000  -1.000000000000000 
  0.000000000000000   0.000000000000000   0.000000000000000 
# Symm. op. 9
  0.500000000000000  -0.866025403784438   0.000000000000000 
  0.866025403784439   0.500000000000000   0.000000000000000 
  0.000000000000000   0.000000000000000  -1.000000000000000 
  0.000000000000000   0.000000000000000   0.000000000000000 
# Symm. op. 10
 -0.500000000000000  -0.866025403784438   0.000000000000000 
  0.866025403784439  -0.500000000000000   0.000000000000000 
  0.000000000000000   0.000000000000000   1.000000000000000 
  0.000000000000000   0.000000000000000   0.000000000000000 
# Symm. op. 11
 -0.500000000000000  -0.866025403784439   0.000000000000000 
 -0.866025403784439   0.500000000000000   0.000000000000000 
  0.000000000000000   0.000000000000000   1.000000000000000 
  0.000000000000000   0.000000000000000   0.000000000000000 
# Symm. op. 12
 -0.500000000000000   0.866025403784438   0.000000000000000 
  0.866025403784439   0.500000000000000   0.000000000000000 
  0.000000000000000   0.000000000000000   1.000000000000000 
  0.000000000000000   0.000000000000000   0.000000000000000 
# Symm. op. 13
 -1.000000000000000  -0.000000000000000   0.000000000000000 
  0.000000000000000   1.000000000000000   0.000000000000000 
  0.000000000000000   0.000000000000000   1.000000000000000 
  0.000000000000000   0.000000000000000   0.500000000000000 
# Symm. op. 14
  1.000000000000000   0.000000000000000   0.000000000000000 
  0.000000000000000  -1.000000000000000   0.000000000000000 
  0.000000000000000   0.000000000000000  -1.000000000000000 
  0.000000000000000   0.000000000000000   0.500000000000000 
# Symm. op. 15
 -1.000000000000000   0.000000000000000   0.000000000000000 
  0.000000000000000  -1.000000000000000   0.000000000000000 
  0.000000000000000   0.000000000000000   1.000000000000000 
  0.000000000000000   0.000000000000000   0.500000000000000 
# Symm. op. 16
  1.000000000000000   0.000000000000000   0.000000000000000 
  0.000000000000000   1.000000000000000   0.000000000000000 
  0.000000000000000   0.000000000000000  -1.000000000000000 
  0.000000000000000   0.000000000000000   0.500000000000000 
# Symm. op. 17
  0.500000000000000  -0.866025403784438   0.000000000000000 
  0.866025403784439   0.500000000000000   0.000000000000000 
  0.000000000000000   0.000000000000000   1.000000000000000 
  0.000000000000000   0.000000000000000   0.500000000000000 
# Symm. op. 18
  0.500000000000000  -0.866025403784438   0.000000000000000 
 -0.866025403784439  -0.500000000000000   0.000000000000000 
  0.000000000000000   0.000000000000000   1.000000000000000 
  0.000000000000000   0.000000000000000   0.500000000000000 
# Symm. op. 19
 -0.500000000000000   0.866025403784438   0.000000000000000 
 -0.866025403784439  -0.500000000000000   0.000000000000000 
  0.000000000000000   0.000000000000000  -1.000000000000000 
  0.000000000000000   0.000000000000000   0.500000000000000 
# Symm. op. 20
 -0.500000000000000   0.866025403784438   0.000000000000000 
  0.866025403784439   0.500000000000000   0.000000000000000 
  0.000000000000000   0.000000000000000  -1.000000000000000 
  0.000000000000000   0.000000000000000   0.500000000000000 
# Symm. op. 21
 -0.500000000000000  -0.866025403784438   0.000000000000000 
  0.866025403784439  -0.500000000000000   0.000000000000000 
  0.000000000000000   0.000000000000000  -1.000000000000000 
  0.000000000000000   0.000000000000000   0.500000000000000 
# Symm. op. 22
  0.500000000000000   0.866025403784439   0.000000000000000 
  0.866025403784439  -0.500000000000000   0.000000000000000 
  0.000000000000000   0.000000000000000   1.000000000000000 
  0.000000000000000   0.000000000000000   0.500000000000000 
# Symm. op. 23
 -0.500000000000000  -0.866025403784439   0.000000000000000 
 -0.866025403784439   0.500000000000000   0.000000000000000 
  0.000000000000000   0.000000000000000  -1.000000000000000 
  0.000000000000000   0.000000000000000   0.500000000000000 
# Symm. op. 24
  0.500000000000000   0.866025403784438   0.000000000000000 
 -0.866025403784439   0.500000000000000   0.000000000000000 
  0.000000000000000   0.000000000000000   1.000000000000000 
  0.000000000000000   0.000000000000000   0.500000000000000 
%ENDBLOCK SYMMETRY_OPS
